001316738524627548
001316834752642857
001316835724625847
001316837425624875
001317538642572468
001317835264275846
001318536724528647
001318637245268475
001415678235263748
001415684735263287
001415784365237286
001415863725326847
001415864725326837
001416738523627548
001416835723625847
001416852732653847
001416874352632857
001417584362532786
001417684235263785
001417835263275846
001418536723528647
001418572362538746
001418574623528367
001418634753268257
001418674253268357
001418754263258376
001514678542362738
001514683742362587
001516384732642587
001516478534623728
001516728324637548
001516738423624578
001516738543627428
001516748523427368
001516782542637483
001517348632472568
001517368234276548
001517368534276248
001517386532472684
001517468524326738
001517682532463784
001517683542372486
001518473564328726
001518473624328567
001518476524328637
001518623724368547
001518627523468374
001518647523428376
001518672542368437
001518673524328746
001518734263248576
001518734563248276
001518736523428674
001518742362438576
001613578324526748
001613758364257248
001613784365247285
001613847325426875
001613857362452874
001614758243256378
001614852742356837
001615384735246287
001615784263247385
001615824725346837
001615827325436874
001615847362432875
001615847365432872
001615873465324827
001617248253476358
001617283245376485
001617285263475384
001617358234256748
001617382532476584
001617384235246785
001617428524376538
001617483564372582
001617485264235783
001617528324536748
001617538463524728
001617582462534783
001618257263458374
001618274265348735
001618473564328527
001618742562438573
001712582463574386
001712682537463584
001712842635473865
001712852467354836
001712852637453864
001712862357436854
001713468354276258
001713485364275286
001713568347526428
001713845367425826
001713862352476854
001714586347532682
001714683542372586
001714683547362582
001714685243275386
001714685347235286
001714853647352862
001715268245376438
001715286235473684
001715486234273685
001715842632473865
001716285247635483
001716348532472568
001716358437254268
001716384537642582
001716528423574368
001716823425374865
001716825327435864
001718236253478654
001718246257438653
001718623524378546
001718624527348536
001812672453864357
001812672534863547
001812752463854376
001812762345836475
001813475364825726
001813657342852476
001813674352842756
001813675324825746
001814637543862572
001814762542836573
001815267245836473
001815374632842765
001815374635842762
001815376435824627
001815627423864375
001815724623847365
001815726324837645
001815726425834673
001815736423824675
001815762342836475
001816274235843765
001816374532842567
001817425624835763
001817625324835746
002356837451614872
002362784516147583
002362834756141857
002362857416154873
002368734516148572
002372538641517468
002372638514167548
002372685141765483
002372834615147865
002372864151746853
002374835641715862
002375834615147862
002376834151647852
002378631514768542
002382436754181657
002382437564181576
002382467514186573
002382475614185763
002382567141586473
002382736151487654
002382736415184675
002382746151487653
002385736415184672
002386731514687542
002386735141685472
002387435614185762
002452684753161387
002452863751316847
002452864751316837
002457834653171862
002457863151376842
002458673151368742
002462584731513687
002462584736513187
002462784315137685
002462784516137583
002462874356131857
002462875316135847
002465784315137682
002467384536171582
002467584131573682
002468571316538742
002472368531716548
002472638513167548
002472684531713586
002472853161357846
002472854161357836
002472861315736845
002472864151736853
002473864351716852
002475861315736842
002476384531617582
002476854131753862
002478614153768352
002482374635181765
002482561713586347
002482576131583647
002482734563181576
002485374635181762
002486574131583762
002486714153687352
002486734513187562
002536783541617482
002542783461317586
002548637413168572
002562384736141587
002562748531413678
002562748536413178
002562781316437584
002563784316147582
002564783541317682
002564783546317182
002567384536141782
002568347531418672
002568347536418172
002568734513148672
002568741316438572
002572348631417568
002572368534716148
002572386531417684
002572483564317186
002572486514137683
002572618134763548
002572638543761418
002572681513467384
002572683541317486
002572684131743586
002572684513147386
002572834563741816
002572861514736843
002574683141367582
002576384131647582
002576481314637582
002576834513147862
002582367131486574
002582376534181647
002582461714386537
002582473564381716
002582637413184576
002582637543181476
002582647131483576
002582713164387546
002582731613487564
002582761513486374
002583467314186572
002584736543181672
002584763141386572
002586417134683572
002586731413684572
002586741513487362
002632583741516487
002632783561417584
002632843751416857
002632853714156847
002632853764151847
002637483514176582
002637483564171582
002637583141576482
002637583461514782
002638743561418572
002642758413156378
002642758463151378
002642783465317185
002642783561317584
002642873451316857
002642875461315837
002645783465317182
002647581413576382
002648537463518172
002652478314136758
002652478364131758
002652483754316187
002652834713146857
002652834763141857
002652847151436873
002652873461314857
002652874151346837
002653847351416872
002672181345736485
002672481514736583
002672814165347835
002672815164735843
002673485364715182
002675181345736482
002681517463584372
002682141753486357
002682171465384735
002682471514386537
002682473564381517
002682713145386475
002682715163485374
002682731513486574
002684517143586372
002685713145386472
002716184537643582
002716185347635482
002732483564171586
002732583467514186
002732863151476854
002734683547161582
002742386435171685
002742586131573684
002742685413175386
002742835613175864
002742853467351816
002742861415376835
002742863151376854
002745386435171682
002746385437615182
002752683457314186
002752861317436854
002753486354171682
002756181453674382
002762181536473584
002762348536471518
002762385131475684
002762518134573648
002762581417534683
002763485314175682
002782615147385436
002812156734853647
002812157463854376
002812164753846357
002812167345836475
002812174635843765
002812175364835746
002832463754816157
002832673451814756
002842367435816175
002842367531816574
002842375631815764
002842735463815176
002842751613857364
002842756131853674
002852376431814657
002852476354831617
002852637453814176
002852671413864357
002852674131843756
002852714163847356
002852716154837643
002862151734853647
002862171456834753
002862374536841517
002862714135843675
002862715146835473
002872416154837653
002872614153847356
003161578426524738
003161748526427538
003161758246257438
003161845726425837
003171358642752468
003171368524726548
003171384562742586
003171386425724685
003171468524726538
003171852462754836
003181346752482657
003181347562482576
003181367245286475
003181375264285746
003181475264285736
003181562742586437
003181572462584736
003181742562487536
003256278451614738
003258246751418637
003267258416154738
003268274516148537
003274268541716538
003276258141657438
003285276415184637
003286271415684735
003286275141685437
003287245161485736
003456384752612187
003457368151276248
003457368251216748
003458374261218756
003458374651218267
003458376251218647
003458674151268237
003458674251218736
003465384725121687
003467328526171548
003468351716258247
003468352712158647
003468374251218657
003468374256218157
003468374516128527
003468524721518637
003468524726518137
003468574121528637
003475384265217186
003475864121726835
003476328521617548
003476814125627835
003478316125728645
003478324625718165
003478624521718536
003485274265181736
003485326725181647
003485361715286247
003485374265281716
003485374612182765
003485714165287236
003486371512682547
003486374512182567
003487264215186735
003487324625181765
003487361215286745
003487514162582736
003526728541617438
003546728421617538
003547382462171586
003547386512172684
003547862512176834
003548672412168537
003548672512168734
003564378546121728
003567328524171648
003567348526421718
003567381512472684
003567428524171638
003568141726428537
003568171526428734
003568274216148537
003568317126428574
003568327521418674
003568327526418174
003568341716428527
003568371516428724
003571618542762438
003571814562742836
003572382461714586
003572842561417836
003574268241716538
003574368141726528
003574618142762538
003576318124627548
003576328421714568
003576328524617148
003576348121427568
003576418124627538
003576428524617138
003578624121748536
003582362714186547
003582372564181746
003582462714186537
003582472564181736
003582742161487536
003584372642181567
003584672542181736
003586171542682437
003586341712482567
003586371512482764
003586372412184567
003586372542181467
003586372542681417
003587141562482736
003587342562481716
003587641512482736
003617148562472538
003618174265248735
003625824715146837
003625824765141837
003627328514176548
003627328564171548
003627428514176538
003627428564171538
003627528141576438
003627528461514738
003627825161475834
003628327561418574
003645378415126728
003645378465121728
003647381415276285
003647382512176584
003647382562171584
003647385161275284
003647385261215784
003647528421516738
003648357161258274
003648572462518137
003652842751416837
003654378241216758
003657248251416738
003657318154276248
003657348121426758
003657348151426728
003657418154276238
003657812152476834
003658342762418157
003658374161248257
003671318524726548
003671418524726538
003671814265247835
003672382465714185
003672382561417584
003672852161457834
003675248265417138
003675318145726428
003675382462714185
003675384161247285
003675814162742835
003675824121746835
003681315764285247
003681317245286475
003681317465284275
003681317562482574
003681415764285237
003681512742586437
003681712562487534
003682372151486754
003682372514186547
003682372564181547
003682472514186537
003682472564181537
003682572141586437
003684171245286735
003684317145286275
003685171245286437
003685171465284237
003685271215486734
003685371214286745
003685471214286735
003687241215486735
003687312152486754
003715168245276438
003718142562478536
003724628547161538
003725328645171468
003726328457614158
003726821415674835
003728326151478654
003728621517468534
003728624517148536
003742852467151836
003742862415176835
003745386412172685
003745386427121685
003745861215276834
003745862412176835
003746381512672584
003746815127625834
003746825121675834
003748151467258236
003748256217158634
003748351617258264
003748516127528634
003748526121578634
003748651417258236
003751618457264238
003752862151476834
003754368141276258
003754368247216158
003756318142672458
003756328427614158
003758314167248256
003758316127428654
003758316157428624
003758326121478654
003758614157248236
003761318456274258
003761518427524638
003762382415174685
003764258247151638
003764358247251618
003764518142572638
003765381416274285
003765382412174685
003768121526478534
003768241215478635
003768251217458634
003768312152478654
003781615247285436
003782342567481516
003784615147285236
003785161247286435
003814156742852637
003815176425824637
003817126425874635
003817152462854736
003825327465814176
003826325741815467
003827621415864735
003827625141875436
003841716425827635
003845376425821617
003845671412862735
003845716125827634
003845726421817635
003846375121825764
003847151462852736
003847161425826735
003847316152872654
003847325621815764
003847326425871615
003847351612852764
003847352462851716
003847361415826725
003847625121865734
003847625421815736
003847651412852736
003852362741816457
003852362754816147
003852372461814756
003852462754816137
003852672451814736
003854362742816157
003856372452814167
003857314162842756
003857614152842736
003861314752842657
003861315724825647
003861315746825427
003861317425824675
003861415724825637
003862352746851417
003862372451814657
003862372456814157
003864151742852637
003864275241815637
003864275246815137
003864352742851617
003864375141825627
003865171425824637
003865171426824735
003865324725841617
003865327421814675
003865327426814175
003865371415824627
003865371416824725
003865724121847635
003867121425874635
003872612145867435
003872652141857436
003874316145827625
003875316124827645
003875416124827635
003875612142867435
004151683752362487
004161748356237258
004161748526327538
004161758236253478
004161845726325837
004171358632752468
004171538623527468
004171548623527368
004171582362537486
004171638253267458
004171648253267358
004171843625327865
004181367235286475
004181572632583467
004181723625387465
004181735263285476
004181742562387536
004181743562382576
004181745263285376
004181746235283675
004257238653171468
004257248653171368
004257268151376438
004258246751318637
004258273651318467
004267248356131758
004268243751318657
004268243756318157
004268247315138675
004268251716358437
004273268351716458
004273285361715486
004275248635713168
004276248531713568
004276258131753468
004276281315637485
004283267315186475
004285261715386437
004286217135683475
004286235713185467
004286245713185367
004287245161385736
004356738121627458
004356738151627428
004356738251217468
004358632712168457
004358637251218476
004367238256171458
004368531716528427
004376238251617458
004376538121527468
004378131625728465
004382732615187465
004385237265181476
004385732612187465
004386131752682457
004386531712582467
004386731215287465
004517183562372486
004526728531613478
004528723561318476
004537683512172486
004538743261218576
004538743561218276
004561718526327438
004563748316127528
004563748326121578
004567348236271518
004567348536121728
004567348536271218
004568141726328537
004568171526328437
004572682531713486
004572842561317836
004576248231713568
004576348131627528
004576348231217568
004576348531217268
004576348532712168
004578131563728426
004578141563728326
004578631513728426
004578641513728326
004581712562387436
004581713562382476
004582732563181476
004582742161387536
004582742563181376
004583647312182576
004583742362181576
004586342732181567
004586342732681517
004586372532181467
004586372532681417
004587141562382736
004587641512382736
004615183725326487
004617138253276458
004617148253276358
004617148562372538
004618147365238275
004618152762358437
004625728315136478
004625728365131478
004635783261217485
004635843715126827
004635843765121827
004637283215176485
004637283265171485
004637843265271815
004638573161528427
004638743265218175
004652842751316837
004653748351216278
004653748361217258
004657238213176458
004657238263171458
004657248213176358
004657248251316738
004657248263171358
004657348131276258
004657348231216758
004658273261318457
004672842365731815
004673181325726485
004673841315726825
004675181362732485
004675248265317138
004675283261317485
004675318135726428
004675842362731815
004675843161327825
004681317235286475
004682532763581417
004682542763581317
004682712165387435
004683572362581417
004683741315286275
004685121725386437
004685237213186475
004685237263181475
004685247213186375
004685247263181375
004685271215386437
004685273265381417
004685347131286275
004685712162387435
004685713162382475
004685723121386475
004685731213286475
004685741213286375
004687241215386735
004687243265381715
004715148635273268
004716148537623528
004716158237253468
004718123625378465
004718142562378536
004718143567328526
004723628357161458
004725328635171468
004726528131573468
004728623151378456
004735283265171486
004735843265271816
004735843612172865
004735843627121865
004738513167528426
004738643151278256
004738643257218156
004738643517128526
004751618237263458
004752682357131486
004752842367131856
004753628327161458
004753648357261218
004753682352171486
004753842362171856
004756238253171468
004756238253671418
004756248237613158
004756248253171368
004756248253671318
004756318132672458
004758131263278456
004758141263278356
004758141367238256
004758243267318156
004758612152378436
004758613127328456
004758613157328426
004758623121378456
004758631213278456
004758641213278356
004758641317238256
004763528326571418
004763548327521618
004765181236273485
004765348235271618
004768241215378635
004781215267385436
004785141637283265
004785261217386435
004785346237281615
004813157362852476
004813167325826475
004815146735823627
004816135723825467
004816145723825367
004816152732853467
004823725361815476
004825627131863475
004826325731815467
004826721315837465
004827121635873465
004831613752862457
004831713625827465
004835623725861417
004835713165827426
004835723621817465
004835763121826475
004836713125827465
004837613152872456
004851612732863457
004851617352832476
004851712362837456
004852362731816457
004852632753861417
004852642753861317
004852672131863457
004853647352812176
004853671312862457
004853672352861417
004853742362817156
004856171352832467
004857141362832756
004857612132873456
004857641312832756
004857642352831716
004861315736825427
004862352736851417
004863741315827625
004865141735823627
004865247231813675
004865247236813175
004865741312832675
004871612352837456
004872342635817165
004873642352817156
004875131623827465
004875141623827365
004875342632817165
004875346131827625
004876121325837465
005161384736245287
005161483724325687
005161824726345837
005161845736423827
005161875426324837
005171284263745386
005171485364237286
005171682342735486
005171685342732486
005171685423724386
005171835463724826
005181247263485376
005181273264385746
005181365734286247
005181376234285647
005181426724385637
005181475634283267
005181637243285476
005181675234283746
005181735463284276
005236283741615487
005247283461315786
005247285463171386
005248275461318736
005264283741315687
005264283746315187
005267218146375438
005268275314138647
005274238643715168
005283275364181746
005283276314185647
005284275643181367
005284276141385637
005286235743181467
005286235743681417
005286241713485367
005286273141385467
005286275413184367
005287213164385746
005348735461218276
005364738241215678
005364738246215178
005364835746121827
005367238214175648
005368435714128627
005376238241715468
005378235264718146
005378635141728426
005384637141285276
005386431714285267
005387131264285746
005387235264181746
005387435264281716
005387631214285746
005416184723625387
005417184263275386
005426825731613847
005427823161375846
005427824161375836
005428625713168347
005436823721615847
005436873121625847
005461813726325847
005461814726325837
005462872316135847
005463874316125827
005463875326121847
005467238213175648
005467318136275248
005468375231218647
005468375236218147
005471812362735846
005471815362732846
005478235263718146
005478615123728346
005481714263285376
005481715263287346
005483672312185746
005483675312182746
005486121723685347
005486271213685347
005486274213185367
005486374131285267
005487131263285746
005487235263181746
005487623121385746
005487624121385736
005487631213285746
005618145763428327
005618175364238247
005624825741316837
005628425764318137
005642872461315837
005681315734286247
005683171364285247
005683475364281217
005713184367245286
005714138643275268
005716138243275468
005723825364171846
005728625141378436
005731813264275846
005734683141275286
005734683247215186
005741812462375836
005741813467325826
005741815462372836
005742682413175386
005748625427318136
005761218246375438
005761318234275648
005782612147385436
005812172364835746
005813176324825647
005814136743825627
005814165743826327
005816124723845367
005816172342835467
005816175342832467
005816175423824367
005817135463824726
005823427364815176
005823627341815476
005823725364817146
005824625743861317
005826425734813167
005827121364835746
005827425364831716
005827621314835746
005834673141825726
005836273241815467
005836423724815167
005837413164825726
005837613124825746
005841617423825376
005841715463827326
005842732463815176
005846171423825367
005846372432815167
005846375432812167
005847131463825726
005847625423871316
005847631413825726
005847635423821716
005861415734823627
005863171324825647
005863171346825427
005863471314825627
005863475324821617
005864131743825627
005873625324817146
005874615143827326
006131583742562487
006131843752462857
006141738453267258
006141873452362857
006151478234263758
006151738243267458
006151738453264278
006151748623427358
006151748653427328
006151842732463857
006151872452364837
006151874652342837
006171248253467358
006171358634257248
006171428524367538
006171538643527428
006181375634285247
006235283745161487
006238273514168547
006247238453161758
006253278354161748
006257238413164758
006257238643171458
006257248131463758
006257248631413758
006257248653471318
006258241713468357
006258273141368457
006258273641318457
006258273654318147
006258274613148357
006271218453764358
006271218534763548
006274238543761518
006274258643751318
006275218145367438
006285273645381417
006352832754161847
006354738141267258
006354738641217258
006354832742161857
006357238254161748
006357438254261718
006357438624121758
006357438654121728
006357438654271218
006358131754268247
006358431714268257
006375238245761418
006415178235263748
006415184735263287
006418134753268257
006418174253268357
006427528131563748
006427528631513748
006428521713568347
006435823725161847
006435873625121847
006451718253267348
006451813752362847
006451814752362837
006452832753161847
006453872352161847
006453874312162857
006457238253161748
006458131753268247
006458171253268347
006458274213168357
006458374131268257
006458374631218257
006471318532762548
006471518623527348
006475318135267248
006485171635283247
006485374635281217
006514178542362738
006514183742362587
006518123724368547
006518172542368437
006518173624328547
006523728314167548
006524728141367538
006524728543161378
006524728641317538
006527328534161748
006527328634171548
006528421714368537
006538273214168547
006538473614128527
006571218234763548
006571318234267548
006571318534267248
006571418624327538
006571418634723528
006573428324761518
006574238243761518
006582372634181547
006584171642382537
006723528347561418
006724528643571318
006751318437264258
006751418634273258
006812172453864357
006812172534863547
006814175643825327
006835273245861417
006852472634813157
006853171342862457
007121628453764358
007121628534763548
007141568473526328
007151468374236258
007151628423764358
007151638473264258
007161258234753648
007161538473524628
007245268475316138
007246258473151368
007246258473651318
007253268341716458
007253268354716148
007256238453714168
007256238473614158
007263258346751418
007263258374151648
007265248375431618
007345638475261218
007346538472512168
007415168375236248
007461518372532648
007513168324726548
007514168543726328
007516138423724568
007516138473624528
007516148372432568
007523628374161548
007524628543761318
007526328431714568
007526428374131568
007526428374631518
007526428534713168
007541618472362538
007561318436724528
007561418534723628
007613158374256248
007614138543726528
007623428354716158
007623528374516148
007641518473526328
007651418374236258
007653428324716158
007654238243716158
